'487-726-198','726'
'993-608-757','608'
